538
525
523
523
502
558
564
557
548
549
541
552
540
590
526
508
536
518
455
516
500
548
526
545
548
540
542
497
492
529
520
525
526
519
513
525
518
527
516
527
522
527
506
529
547
549
529
527
510
535
548
490
510 
507 
524
489
517 
526 
523 
545
560
551
566
580
622
615
600
588
613
600
589
599
611
608
572
575
613
569
592
561
592
604
587
592
605
604
597
605
602
591
604
613
613
613
590
602
594
597
604
593
602
606
608
611
604
615
597
615
582
598
611
577
604
596
593
602
600
605
612
609
607
607
606
604
606
611
608
610
568
610
592
586
570
540
540
558
562
567
565
541
559
567
555
570
575
560
562
571
548
566
548
556
547
555
562
559
472
476
483
455
479
539
546
535
530
470
460
587
495
453
531
480
480
480
480
470
480
477
470
486
490
470
470
474
470
475
510
495
523
535
535
582
538
532
563
518
532
522
530
529
523
528
529
521
548
524
526
511
506
505
508
510
512
505
521
524
541
548
522
518
520
572
561
534
558
557
560
548
520
523
525
545
527 
526
550
551
550
539
547
544
547
548
549
549
548
549
545
529
526
533
546
547
540
520
518
537
508
523
522
515
521
523
525
548
564 
562 
567 
559 
561 
545 
527 
554 
584 
587 
588 
571
566
562
540
571
571
562
507
538
545
524
525 
526 
539
510
518
511
511
520
522
548
522
522
502
548
541
546
521
509 
523 
514 
561
521
540
538
549
550
518
538
498
517 
517 
522
523
542
566
561
565
547
518
545
493
493
518
491
518
528
525
515
535
528
527
533
538
525
518
514
518
518
522
493
509
497
505
513
548
548
548
548
460
468
470
462
463
526
517
527
558
527
537
568
533
618
571
566
573
576
557
556
571
581
559
560
558
555
540
540
548
544
550
543
520
524
521
537
516
489
544
508
495
478
474
467
485
486
470
468
525
506
528
527
553
545
531
474
528
607
553
528
556
555
557
556
567
560
566
552
561
561
563
551
559
555
557
545
544
536
529
525
519
562
577
588
568
559
546
564
560
548
578
526
526
526
510
508
518
547
549
554
550
548
551
551
547
550
544
545
542
543
544
545
553
543
543
546
547
542
544
544
544
515
500
515
515
523
470
552
552
576
578
483
506
578
561
565
564
566
579
573
577
574
579
575
579
587
581
574
588
589
547
545
552
548
539
533
535
521
521
506
503
526
520
543
525
472
514
498
536
524
555
520
543
532
526
523
575
557
520 
525
524
532
578
520
521
565
525
529
527
530
528
502
500
523
526
527
526
524
504
501
524
526
517
526
528
526
532
475
472
474
465
534
530
532
515
535
530
537
533
530
522
520 
520 
517
519
530
519
508
518
521
525
517
531
520
521
521
517
520
512
516
523
521
519 
521
518
537
528
532
535
511
518
530
533
537
534
534
524
530
532
534
534
535
530
530
556
557
543
541
541
526
528
528
527
523
538
523
547
540
514
530
524
514
515
525
517
528
532
531
530
528
532
549 
528 
528
523
534 
531 
542
485
540
528
565
530
549
555
581
540
546
543
555
546
550
548
545
536
564
557
538
540
553
550
527
569
536
531
528
522
534
527
525
577
576
574
575
573
575
583
577
541
513
543
551
572
537
554
546
558
556
542
567
573
537
532
506
502
528
542
503
520
516
501
516
500
515
511
498
502
500
498
502
508
510
500
503
514
502
501
509
497
499
500
500
507
508
502
509
515
509
499
500
500
500
500
500
500
500
500
500
500
534
519
562
520
545
538
564
524
561
568
567
568
571
568
534
566
571
566
564 
444
558
543
531
540
539
553
553
530
530
530
525
529
557
550
546
552
553
549
555
530
530
436
568
525
523
525
530
525
559
531
584
521
542
541
543
520
543
542
538
544
579
556
514
534
515
533
520
526
530
524
522
523
525
527
524
526
520
527
524
534
525
524
525
525
524
525
538
542
523
544
526
515
523
524
526
520
525
524
520
509
521
527
525
524
529
524
518
547
550
556
566
567
574
577
577
535
550
523
569
542
525
532
529
527
575
551
544
545
549
531
528
