502.0
513.0
510.0
503.0
505.0
505.0
525.0
515.0
503.0
506.0
486.0
495.0
506.0
515.0
490.0
513.0
593.0
512.0
495.0
597.0
490.0
495.0
511.0
655.0
474.0
592.0
595.0
509.0
503.0
515.0
520.0
512.0
596.0
505.0
606.0
447.0
666.0
702.0
512.0
521.0
445.0
447.0
454.0
509.0
504.0
517.0
517.0
561.0
598.0
523.0
505.0
475.0
484.0
517.0
628.0
506.0
585.0
514.0
500.0
529.0
522.0
620.0
515.0
524.0
620.0
518.0
590.0
589.0
477.0
588.0
475.0
516.0
516.0
525.0
592.0
592.0
516.0
517.0
518.0
518.0
508.0
505.0
507.0
518.0
579.0
525.0
616.0
570.0
524.0
529.0
618.0
515.0
515.0
483.0
583.0
587.0
586.0
591.0
587.0
589.0
600.0
587.0
586.0
485.0
486.0
581.0
503.0
646.0
561.0
585.0
440.0
446.0
449.0
448.0
477.0
475.0
506.0
505.0
510.0
520.0
524.0
582.0
490.0
507.0
609.0
507.0
454.0
454.0
509.0
670.0
703.0
516.0
578.0
611.0
611.0
650.0
670.0
527.0
526.0
516.0
512.0
513.0
520.0
515.0
530.0
594.0
513.0
608.0
594.0
585.0
503.0
503.0
515.0
519.0
524.0
524.0
524.0
524.0
500.0
506.0
508.0
513.0
510.0
504.0
523.0
502.0
502.0
516.0
511.0
645.0
645.0
637.0
612.0
508.0
509.0
502.0
511.0
508.0
509.0
507.0
512.0
503.0
501.0
506.0
508.0
504.0
514.0
505.0
510.0
513.0
502.0
503.0
500.0
508.0
503.0
506.0
508.0
509.0
504.0
506.0
510.0
513.0
512.0
513.0
514.0
511.0
508.0
511.0
505.0
515.0
504.0
512.0
510.0
510.0
508.0
511.0
506.0
506.0
509.0
509.0
509.0
508.0
512.0
509.0
511.0
508.0
511.0
516.0
515.0
522.0
507.0
506.0
509.0
510.0
523.0
525.0
524.0
507.0
510.0
510.0
510.0
519.0
529.0
708.0
711.0
509.0
670.0
682.0
702.0
713.0
680.0
720.0
516.0
513.0
610.0
580.0
635.0
633.0
488.0
486.0
492.0
600.0
517.0
517.0
555.0
610.0
561.0
496.0
510.0
516.0
592.0
524.0
592.0
510.0
511.0
600.0
610.0
510.0
624.0
605.0
572.0
598.0
600.0
598.0
528.0
470.0
595.0
526.0
592.0
650.0
598.0
503.0
505.0
553.0
508.0
508.0
611.0
452.0
467.0
659.0
675.0
477.0
475.0
474.0
472.0
484.0
481.0
475.0
473.0
471.0
473.0
610.0
610.0
617.0
620.0
589.0
529.0
504.0
518.0
592.0
594.0
475.0
492.0
506.0
576.0
507.0
485.0
579.0
509.0
584.0
509.0
513.0
516.0
515.0
516.0
511.0
516.0
514.0
514.0
528.0
670.0
671.0
516.0
513.0
515.0
513.0
514.0
512.0
513.0
637.0
631.0
531.0
625.0
636.0
646.0
514.0
562.0
495.0
704.0
703.0
706.0
670.0
670.0
670.0
670.0
670.0
680.0
682.0
702.0
703.0
709.0
713.0
720.0
516.0
456.0
635.0
633.0
648.0
630.0
630.0
656.0
649.0
591.0
560.0
559.0
565.0
563.0
505.0
506.0
657.0
505.0
496.0
492.0
578.0
517.0
650.0
651.0
643.0
681.0
684.0
529.0
562.0
565.0
448.0
474.0
571.0
510.0
506.0
520.0
526.0
541.0
541.0
649.0
630.0
625.0
607.0
580.0
569.0
570.0
713.0
719.0
720.0
633.0
631.0
637.0
633.0
605.0
600.0
592.0
457.0
606.0
594.0
594.0
592.0
592.0
592.0
592.0
593.0
594.0
592.0
592.0
509.0
633.0
510.0
509.0
596.0
454.0
585.0
488.0
492.0
461.0
511.0
474.0
474.0
519.0
508.0
499.0
527.0
503.0
503.0
509.0
650.0
502.0
499.0
515.0
528.0
573.0
523.0
448.0
510.0
506.0
526.0
448.0
514.0
448.0
522.0
522.0
517.0
595.0
596.0
628.0
595.0
595.0
596.0
583.0
515.0
511.0
516.0
537.0
537.0
585.0
598.0
514.0
614.0
504.0
502.0
505.0
505.0
495.0
495.0
500.0
502.0
507.0
595.0
509.0
492.0
468.0
468.0
622.0
662.0
561.0
625.0
630.0
636.0
630.0
611.0
618.0
630.0
637.0
639.0
482.0
610.0
608.0
503.0
503.0
605.0
607.0
626.0
675.0
511.0
500.0
446.0
446.0
477.0
474.0
474.0
474.0
578.0
528.0
506.0
508.0
506.0
450.0
450.0
512.0
512.0
512.0
512.0
512.0
510.0
531.0
530.0
458.0
458.0
458.0
451.0
424.0
516.0
511.0
511.0
720.0
527.0
531.0
530.0
531.0
505.0
504.0
500.0
511.0
510.0
510.0
610.0
579.0
527.0
457.0
480.0
505.0
506.0
584.0
657.0
658.0
675.0
584.0
524.0
633.0
609.0
631.0
670.0
507.0
616.0
527.0
511.0
502.0
574.0
538.0
474.0
626.0
508.0
528.0
503.0
495.0
480.0
475.0
505.0
527.0
513.0
512.0
530.0
538.0
506.0
539.0
