0.61
0.71
0.97
0.73
0.55
0.55
0.64
0.67
0.61
0.79
0.24
0.08
0.67
0.006
0.9
0.67
0.49
0.67
0.65
0.001
0.86
0.49
0.6
0.04
0.89
0.05
0.001
0.79
0.63
0.04
0.001
0.1
0.58
0.67
0.65
0.55
0.197
0.061
1.0
0.0015
0.38
0.48
0.9
0.3
0.5
0.46
0.48
0.52
0.59
0.75
0.55
0.62
0.48
0.75
0.47
0.14
0.51
0.55
0.86
0.76
0.7
0.0001
0.76
0.1
0.33
0.53
0.382
0.76
0.51
0.76
0.46
0.68
0.66
0.05
0.69
0.58
0.16
0.34
0.19
0.15
0.65
0.7
0.5
0.56
0.69
0.03
0.31
0.15
0.9
0.41
0.35
0.33
0.33
0.46
0.68
0.55
0.42
0.42
0.14
0.41
0.001
0.59
0.44
0.63
0.68
0.69
1.0
0.23
0.54
0.67
0.2
0.45
0.53
0.56
0.4
0.68
0.14
0.8
0.75
0.69
0.45
0.43
0.77
0.8
0.16
0.6
0.74
0.76
0.68
0.14
0.086
0.7
0.54
0.45
0.42
0.24
0.06
0.67
0.76
0.58
0.76
0.69
0.54
0.73
0.72
0.34
0.8
0.19
0.34
0.53
0.6
0.65
0.7
0.9
0.84
0.94
0.88
0.89
0.14
0.73
0.73
0.39
0.64
0.74
1.0
0.96
0.7
0.89
0.6
0.015
0.08
0.04
0.34
0.71
0.76
0.71
0.45
0.56
0.38
0.0
0.33
0.37
0.26
0.83
0.54
0.79
0.46
0.4
0.74
0.39
0.3
0.64
0.19
0.3
0.19
0.3
0.45
0.4
0.72
0.37
0.45
0.43
0.51
0.4
0.38
0.58
0.37
0.46
0.0
0.22
0.64
0.4
0.47
0.53
0.58
0.44
0.42
0.7
0.42
0.56
0.45
0.6
0.41
0.53
0.47
0.52
0.46
0.54
0.49
0.62
0.37
0.44
0.29
0.57
0.61
0.58
0.62
0.19
0.66
0.72
0.73
0.44
0.6
0.07
0.08
0.67
0.11
0.11
0.08
0.06
0.145
0.06
0.43
0.18
0.2
0.33
0.34
0.44
0.85
0.8
0.75
0.0001
0.68
0.7
0.42
0.25
0.45
0.61
0.57
0.0013
0.1
0.95
0.1
0.77
0.38
0.31
0.29
0.48
0.08
0.17
0.45
0.42
0.29
0.36
0.356
0.55
0.21
0.58
0.49
0.11
0.26
0.63
0.81
0.7
0.93
0.86
0.27
0.48
0.48
0.19
0.07
0.385
0.49
0.6
0.52
0.48
0.46
0.87
0.49
0.5
0.52
0.22
0.22
0.04
0.02
0.7
0.74
0.77
0.78
0.46
0.65
0.41
0.55
0.58
0.56
0.6
0.74
0.85
0.68
0.66
0.63
0.83
0.84
0.86
0.84
0.79
0.64
0.43
0.52
0.62
0.09
0.087
0.81
0.75
0.85
0.72
0.85
0.76
0.39
0.02
0.04
0.64
0.03
0.03
0.03
0.72
0.12
0.9
0.08
0.097
0.043
0.14
0.136
0.108
0.185
0.116
0.145
0.112
0.081
0.086
0.054
0.07
0.061
0.54
0.45
0.33
0.4
0.22
0.3
0.33
0.16
0.18
0.63
0.5
0.6
0.62
0.61
0.74
0.37
0.11
0.645
0.7
0.9
0.45
0.8
0.2
0.24
0.24
0.04
0.03
0.62
0.69
0.6
0.56
0.87
0.55
0.58
0.37
0.74
0.49
0.83
0.69
0.1
0.14
0.15
0.25
0.33
0.35
0.43
0.0763
0.068
0.0646
0.02
0.06
0.02
0.005
0.35
0.38
0.45
0.63
0.35
0.7
0.668
0.685
0.7
0.75
0.2
0.54
0.543
0.65
0.653
0.59
0.17
0.83
0.79
0.29
0.64
0.3
0.31
0.85
0.02
0.6
0.84
0.93
0.51
0.45
0.72
0.64
0.86
0.84
0.8
0.18
0.76
0.62
0.62
0.57
0.64
0.25
0.56
0.58
0.93
0.49
0.24
0.54
0.27
0.64
0.61
0.79
0.46
0.24
0.18
0.38
0.42
0.46
0.68
0.89
0.68
0.003
0.6
0.59
0.47
0.22
0.96
0.74
0.74
0.72
0.92
0.92
0.22
0.25
0.6
0.6
0.54
0.54
0.57
0.96
0.16
0.2
0.21
0.28
0.61
0.1
0.03
0.02
0.09
0.48
0.35
0.35
0.23
0.18
0.85
0.02
0.005
0.25
0.23
0.1
0.12
0.004
0.016
0.64
0.96
0.4
0.47
0.24
0.41
0.56
0.5
0.6
0.56
0.84
0.85
0.76
0.24
0.25
0.62
0.7
0.69
0.52
0.35
0.005
0.01
0.75
0.79
0.78
0.84
0.17
0.24
0.214
0.59
0.64
0.022
0.5
0.07
0.03
0.02
0.93
0.87
0.7
0.8
0.65
0.23
0.3
0.53
0.68
0.63
0.57
0.6
0.6
0.48
0.1
0.1
0.08
0.41
0.62
0.37
0.47
0.16
0.18
0.66
0.22
0.6
0.6
0.53
0.67
0.53
0.82
0.001
0.45
0.57
1.0
0.39
0.71
0.67
0.85
0.76
0.7
0.81
0.77
0.42
0.63
0.65
