7.278550148010254
7.011048316955566
7.180069923400879
7.007509708404541
6.98457145690918
6.994711399078369
7.040077209472656
7.03600025177002
6.992902755737305
7.083171844482422
7.129209518432617
7.055384635925293
7.052120685577393
7.107690334320068
7.044193267822266
7.165802001953125
7.167930603027344
7.153016090393066
7.157581329345703
7.136451721191406
7.173449516296387
7.065474510192871
7.1761322021484375
7.126152038574219
7.126189231872559
7.156281471252441
7.139504432678223
7.126152992248535
7.0199713706970215
7.140409469604492
7.101473808288574
7.082143783569336
7.183173656463623
7.077316284179688
7.179211139678955
7.192431449890137
7.164528846740723
7.122982025146484
7.193920135498047
7.130927562713623
7.166316509246826
7.192167282104492
7.177016735076904
7.030854225158691
7.06173038482666
7.023158073425293
7.0712103843688965
7.102000236511231
7.1277337074279785
7.169860363006592
7.144327640533447
7.255329132080078
7.256529808044434
7.23813533782959
7.205055236816406
7.240993022918701
7.248803615570068
7.2376179695129395
7.210257530212402
7.232934951782227
7.264300346374512
7.255540370941162
7.207906246185303
7.239923000335693
7.245767593383789
7.214158058166504
7.234883785247803
7.213024616241455
7.250452995300293
7.226880073547363
7.251832962036133
7.236015319824219
7.229631423950195
7.248400211334228
7.284518241882324
7.206235885620117
7.238941669464111
7.206472396850586
7.225762367248535
7.208016395568848
7.255649566650391
7.192811012268066
7.227910041809082
7.236444473266602
7.248149871826172
7.25346040725708
7.23469877243042
7.241225242614746
7.248274803161621
7.243052959442139
7.18928337097168
7.219493865966797
7.231509685516357
7.256776809692383
7.244378089904785
7.087717533111572
7.083219528198242
7.106740474700928
7.143163681030273
7.079059600830078
7.079051494598389
7.1278395652771
7.123197555541992
7.098506450653076
7.132352828979492
7.133912086486816
7.095479965209961
7.121404647827148
7.132336139678955
7.135867595672607
7.080231189727783
7.086718559265137
7.124153137207031
7.087549686431885
7.127394676208496
7.103024005889893
7.127218723297119
7.111076354980469
7.114997863769531
7.11976957321167
7.116421222686768
7.083691120147705
7.163610935211182
7.094298362731934
7.115230083465576
7.128876686096191
7.156383514404297
7.13722562789917
7.129745960235596
7.07359504699707
7.153631210327148
7.133184909820557
7.113431453704834
7.034030437469482
7.126148223876953
7.134086608886719
6.080979347229004
6.0158233642578125
5.876306533813477
5.997519493103027
6.100653171539307
6.1781415939331055
6.041740417480469
6.014398574829102
6.061233043670654
5.93011474609375
6.170865058898926
5.914860725402832
6.07940673828125
5.926790237426758
5.868095397949219
5.979370594024658
6.164628505706787
6.129301071166992
5.978886127471924
6.029644966125488
5.936551094055176
5.991530418395996
6.2345147132873535
6.0003662109375
6.080100059509277
5.959842681884766
5.955800533294678
5.999411106109619
6.085150718688965
6.044606685638428
5.7503581047058105
5.987149238586426
6.094841480255127
6.066076278686523
5.985601902008057
6.1455254554748535
6.052255630493164
7.347289562225342
7.380119323730469
7.363277912139893
7.335544109344482
7.339322090148926
7.356400966644287
7.331106185913086
7.37460994720459
7.342598915100098
7.358401775360107
7.334675788879394
7.350710868835449
7.389911651611328
7.334455013275146
7.329679489135742
7.350593566894531
7.33091926574707
7.332438945770264
7.344686031341553
7.348711013793945
7.36043643951416
7.325943946838379
7.355528831481934
7.357563018798828
7.340317726135254
7.364512920379639
7.373991012573242
7.292333602905273
7.354754447937012
7.331799030303955
7.338939666748047
7.364527702331543
7.333471298217773
7.334065914154053
7.335799217224121
7.36701488494873
7.278267383575439
7.274263381958008
7.27460241317749
7.297060966491699
7.288841247558594
7.2698259353637695
7.251646995544434
7.316891670227051
7.33629035949707
7.274935722351074
7.278016567230225
7.287374973297119
7.299890995025635
7.279846668243408
7.285575866699219
7.273369312286377
7.274865627288818
7.241415500640869
7.273227691650391
7.233187675476074
7.312651634216309
7.275846004486084
7.272109508514404
7.284724712371826
7.290643692016602
7.272354125976562
7.292547225952148
7.285109519958496
7.276177406311035
7.26738166809082
7.318604469299316
7.278550148010254
7.269058704376221
7.292000770568848
7.275996208190918
7.248907566070557
6.998713970184326
7.017056465148926
7.046717166900635
7.036875247955322
6.992114067077637
7.011143684387207
7.046918869018555
7.000734329223633
7.027468681335449
7.018551349639893
7.035871982574463
7.005702972412109
7.04493522644043
7.0396904945373535
7.0388503074646
7.040266990661621
7.016472339630127
7.063858509063721
7.068893909454346
6.985653400421143
7.041507720947266
6.986423492431641
7.031904220581055
7.048304080963135
6.97284460067749
7.080033302307129
7.033528804779053
7.009260177612305
7.025712966918945
7.050353527069092
7.007546424865723
7.005002975463867
7.014597892761231
7.093308448791504
7.039673805236816
7.3216447830200195
7.277133464813232
7.330043315887451
7.285931587219238
7.283366680145264
7.131603717803955
7.247458934783935
7.158019065856934
7.312845230102539
7.152797698974609
7.105938911437988
7.144086837768555
7.224801540374756
7.0846052169799805
7.223213195800781
7.279816627502441
7.329171180725098
7.301135063171387
7.27385139465332
7.183524131774902
7.293782711029053
7.218410015106201
7.159817695617676
7.263442516326904
7.3127121925354
7.121127605438232
6.962331771850586
7.055211067199707
7.375883102416992
7.252362728118896
7.272581577301025
7.333568572998047
7.101783752441406
7.15634822845459
7.1954731941223145
7.165072441101074
7.17609453201294
7.146450042724609
7.120104789733887
7.155113220214844
7.173622608184815
7.1433820724487305
7.206768989562988
7.170363903045654
7.179930210113525
7.16093635559082
7.1318464279174805
7.21479606628418
7.182801246643066
7.157083988189697
7.162066459655762
7.10615873336792
7.152606010437012
7.187456607818604
7.230413436889648
7.206011772155762
7.193238735198975
7.142677307128906
7.19302225112915
7.214008808135986
7.156886100769043
7.1319098472595215
7.162638187408447
7.033305168151856
7.071599960327148
7.222355842590332
7.201384544372559
7.176690101623535
7.068456649780273
7.203100204467773
7.2663774490356445
7.221778392791748
7.049822807312012
7.18892240524292
7.136706829071045
7.109767913818359
6.98057746887207
7.127472877502441
7.061089515686035
7.11104679107666
7.099947452545166
7.110955715179443
7.218847274780273
7.122617244720459
7.18474006652832
7.166651725769043
7.178254127502441
7.166941642761231
7.134625434875488
7.170158863067627
7.08251428604126
7.06126880645752
7.148744583129883
7.542064666748047
7.561886310577393
7.586696624755859
7.4953460693359375
7.527231216430664
7.553784370422363
7.573182106018066
7.542468070983887
7.290206909179687
7.370169639587402
7.232308864593506
7.5681657791137695
7.555671215057373
7.35125207901001
7.410462379455566
7.651461601257324
7.1795148849487305
7.566732883453369
7.549258232116699
7.5546488761901855
7.667878150939941
7.694811820983887
7.530268669128418
7.556159973144531
7.522080898284912
7.53187370300293
7.569598197937012
7.553236961364746
7.547569274902344
6.307570457458496
5.972348213195801
6.310181617736816
6.338233947753906
6.275636672973633
6.226370811462402
6.231754779815674
6.253188610076904
6.102777481079102
6.264294624328613
6.191495895385742
6.274014472961426
6.394578456878662
6.197153091430664
6.35077428817749
6.217988014221191
6.2671732902526855
6.277075290679932
6.296728134155273
6.236366748809815
6.361416816711426
6.305272102355957
6.238507270812988
6.351688861846924
6.029218673706055
6.330160617828369
6.019435882568359
6.450862884521484
6.3697662353515625
6.382681846618652
6.362357139587402
6.418949127197266
6.489196300506592
6.465818881988525
6.443612575531006
6.462866306304932
6.5098557472229
6.475295066833496
6.462827205657959
6.540691375732422
6.377073287963867
6.343649387359619
6.294036388397217
6.360379219055176
6.364671230316162
6.438673496246338
6.224005222320557
6.348516464233398
6.381580352783203
6.4726409912109375
6.399771690368652
7.190104961395264
7.295751571655273
7.21190071105957
7.334156990051269
7.157535552978516
7.228447437286377
7.169058799743652
7.209328174591064
7.341603755950928
7.158210277557373
7.316147804260254
7.210529804229736
7.331515312194824
7.378308296203613
7.328122138977051
7.377905368804932
7.239375591278076
7.254411697387695
7.230323791503906
7.169882774353027
7.168604373931885
7.398033142089844
7.382957935333252
7.396807670593262
7.398852825164795
7.386785507202148
7.397849082946777
7.388844490051269
7.341850280761719
7.384014129638672
7.409867286682129
7.363250732421875
7.427090167999268
7.353201866149902
7.393308639526367
7.400084495544434
7.414273262023926
7.220039367675781
7.376011848449707
7.296433448791504
7.082829475402832
7.120306968688965
7.15509557723999
7.125426292419434
7.120399475097656
7.142798900604248
7.179323196411133
7.121695518493652
7.10704517364502
7.112296104431152
7.122970581054688
7.125156879425049
7.146435260772705
7.139592170715332
7.090829372406006
7.335165023803711
7.296320915222168
7.310269832611084
7.321454048156738
7.319425106048584
7.275418281555176
7.287095069885254
7.406713962554932
7.351078033447266
7.283552169799805
7.260000228881836
7.312131881713867
7.2787580490112305
7.2950758934021
7.330828666687012
7.277289867401123
7.35020637512207
7.283543586730957
7.244095802307129
7.323330402374268
7.289853096008301
7.298881530761719
7.33090877532959
7.29034423828125
7.308197498321533
7.347788333892822
7.342257976531982
7.375795364379883
7.275986194610596
7.3114013671875
7.315597057342529
7.317862510681152
7.274354457855225
7.330970764160156
7.3116559982299805
7.367542743682861
7.297048568725586
7.3062334060668945
7.268307685852051
7.270417213439941
7.224038600921631
7.386273384094238
7.256187915802002
7.426931381225586
7.198797225952148
7.174691200256348
7.256702899932861
7.166524887084961
7.243021011352539
7.206642627716064
7.213865280151367
7.283087253570557
7.153878211975098
7.232747554779053
7.255846977233887
7.1974616050720215
7.225465297698975
6.2943196296691895
6.362994194030762
6.153902053833008
6.087131977081299
6.139141082763672
6.150345802307129
6.2388596534729
6.48193359375
6.190871238708496
6.258716583251953
6.400084495544434
6.348001480102539
7.060184478759766
7.034173011779785
7.045621871948242
7.0751543045043945
7.046871662139893
7.028764247894287
7.040521621704102
7.050688743591309
7.078935623168945
7.103772163391113
7.013901710510254
7.097822189331055
7.214171409606934
7.180542945861816
7.181121826171875
7.218742370605469
7.159444332122803
7.156489849090576
7.156447410583496
7.081295967102051
7.112482070922852
7.066823482513428
7.1887736320495605
7.149759769439697
6.547336101531982
6.372314453125
6.343318462371826
6.453044414520264
6.369277000427246
6.376641273498535
6.331543922424316
6.2866315841674805
6.409064292907715
6.4397687911987305
6.196476936340332
6.37526273727417
6.402331829071045
6.462321758270264
6.527613639831543
6.408088207244873
6.573349952697754
6.423980712890625
6.389968395233154
6.475393295288086
6.364438533782959
6.005733489990234
6.297053813934326
6.192203998565674
6.276500701904297
6.423563003540039
6.230226993560791
6.197278022766113
5.9635114669799805
6.11355447769165
6.2255449295043945
6.275426864624023
6.243131637573242
6.318572998046875
6.27016544342041
6.3102216720581055
6.296687126159668
6.272263050079346
6.270840644836426
6.284127235412598
6.297535419464111
6.899995803833008
6.870678901672363
6.856824398040772
6.843534469604492
6.983401298522949
6.843961715698242
6.814887523651123
6.89992618560791
6.884226799011231
6.872617721557617
7.198298454284668
7.2001953125
7.308713912963867
7.240032196044922
7.335069179534912
7.305650234222412
7.194919109344482
7.263667583465576
7.211207866668701
7.325651168823242
7.379513740539551
7.371005058288574
7.382447719573975
7.395524024963379
7.389010429382324
7.396267414093018
7.43338680267334
7.388002872467041
7.381858825683594
7.390987873077393
6.50417947769165
6.487400531768799
6.111754417419434
6.132325172424316
6.107370376586914
6.279487609863281
6.531874179840088
6.202577114105225
6.0977277755737305
6.312036514282227
7.264935493469238
7.165653228759766
7.275248527526855
7.206071853637695
7.266025543212891
7.213316917419434
7.247517108917236
7.195838928222656
7.248044967651367
7.155423164367676
7.242887496948242
7.239459037780762
7.258133411407471
7.210371971130371
7.23944091796875
7.1943559646606445
7.14667558670044
7.211945056915283
7.270886421203613
7.169214248657227
6.510911464691162
6.426362037658691
6.554214954376221
6.518514633178711
6.555678367614746
6.53435754776001
6.494834899902344
6.4705305099487305
6.510041236877441
7.202713966369629
7.283143997192383
7.219237327575684
7.13338041305542
7.168017864227295
7.138489723205566
7.17201042175293
7.078464031219482
7.193146228790283
7.203948974609375
7.219728469848633
7.214461803436279
7.249670505523682
7.227685928344727
7.075672149658203
7.233897686004639
7.224011421203613
7.221523761749268
7.157591819763184
7.153895378112793
7.229265213012695
7.185996055603027
7.282078266143799
7.216868877410889
7.255793571472168
7.178071975708008
7.559203147888184
7.566540718078613
7.551517009735107
7.557281970977783
7.549056053161621
7.414688110351562
7.560453414916992
7.432069301605225
7.436224460601807
7.338742256164551
7.38037109375
7.431234836578369
7.402050018310547
7.312443733215332
7.383528709411621
7.403841018676758
6.5623626708984375
6.57880973815918
6.577670097351074
6.7456769943237305
6.558512210845947
6.5863847732543945
6.635480880737305
6.589703559875488
7.151697158813477
7.238263130187988
7.332145690917969
7.284836769104004
7.261651515960693
7.281561851501465
7.308000564575195
7.266748905181885
7.070486545562744
7.038493633270264
7.147853851318359
7.167013645172119
7.055389881134033
7.183832168579102
7.046491146087647
7.019002914428711
7.228917121887207
7.200133323669434
7.181912899017334
7.13949728012085
7.183909893035889
7.199833393096924
7.188575744628906
7.19490385055542
7.098544120788574
6.97403621673584
7.103015899658203
7.0643229484558105
6.92446231842041
7.199737071990967
7.00540018081665
7.191146373748779
6.398214340209961
6.393519401550293
6.3918867111206055
6.385529041290283
6.379519939422607
6.375338554382324
6.425761222839356
6.082914352416992
6.167413711547852
6.205559730529785
6.235231876373291
6.252461910247803
6.178838729858398
6.4011969566345215
6.286602020263672
6.193617820739746
6.342412948608398
6.18925666809082
6.137574195861816
6.405003547668457
6.403029441833496
6.5050554275512695
6.478311538696289
6.320687770843506
6.331623077392578
6.223067283630371
6.361780166625977
6.1963210105896
6.409430503845215
6.382485389709473
6.36903190612793
6.218722820281982
6.387867450714111
6.377615928649902
7.442615509033203
7.4257307052612305
7.449028968811035
7.353478908538818
7.473912715911865
7.427165985107422
7.473263740539551
7.536011695861816
7.577520370483398
7.541021823883057
7.54118013381958
7.573136806488037
7.559887886047363
7.588463306427002
7.110973834991455
7.132197380065918
7.073647975921631
7.092402458190918
7.0860700607299805
7.091434478759766
7.151750087738037
6.051029205322266
6.3099894523620605
6.06078052520752
6.417700290679932
6.271086692810059
6.0687456130981445
6.2631611824035645
6.379344463348389
6.378862380981445
6.294018268585205
6.1525187492370605
6.16400146484375
7.556338310241699
7.550434112548828
7.305599212646484
7.511541366577148
7.566099166870117
7.519619941711426
6.521607398986816
6.393938064575195
6.43519401550293
6.444088935852051
6.350329399108887
6.415072917938232
6.400717735290527
6.31235933303833
6.41996431350708
6.379396438598633
6.289588451385498
6.257894992828369
6.941133975982666
7.014108180999756
6.901278972625732
6.893046379089356
6.969860553741455
6.933103561401367
7.103034973144531
7.123240947723389
7.155821323394775
7.1321940422058105
7.221238136291504
7.136383533477783
5.974893569946289
6.057453155517578
6.089291572570801
6.175015926361084
6.133401870727539
6.226827621459961
6.283201694488525
6.243986129760742
6.157973289489746
6.193962097167969
6.839328765869141
6.8533782958984375
6.819307327270508
6.837399005889893
6.854979515075684
7.036692142486572
7.016689777374268
7.062775611877441
7.069634914398193
7.007089614868164
7.143375396728516
7.118882179260254
7.24613618850708
7.153474807739258
7.122959136962891
6.423602104187012
6.385433197021484
6.380413055419922
6.401111602783203
6.461668968200684
7.404568195343018
7.491550922393799
7.487512588500977
7.470250606536865
7.490093231201172
6.336422443389893
6.2535400390625
6.55034065246582
6.52044677734375
6.300122261047363
7.18442440032959
7.1865644454956055
7.1366167068481445
7.101632118225098
7.153834342956543
6.999260902404785
6.973367214202881
6.9593706130981445
7.09042501449585
6.961712837219238
7.250021457672119
7.058750152587891
7.075032234191895
7.07747745513916
7.089317798614502
7.037203311920166
6.930633544921875
7.025957584381104
6.904467582702637
6.905377388000488
7.089847564697266
7.007074356079102
7.150214195251465
6.99913501739502
7.2838134765625
7.616579055786133
7.619037628173828
7.630654811859131
7.599852085113525
6.681186676025391
6.71967077255249
6.725184440612793
6.835614204406738
6.155861854553223
6.38749885559082
6.114421367645264
6.364871978759766
6.66811990737915
6.746573925018311
6.640796661376953
6.512938499450684
6.965389251708984
7.005722999572754
6.9807963371276855
6.9809250831604
7.393468856811523
7.381231784820557
7.440216064453125
7.389771461486816
7.31629467010498
7.410518646240234
7.294857978820801
7.401670455932617
7.18659782409668
7.159787654876709
7.249608039855957
7.221282958984375
6.503541946411133
6.466532707214356
6.430723190307617
6.3517022132873535
7.169642925262451
7.178158760070801
7.168032169342041
7.191805839538574
7.035463809967041
7.010135650634766
7.155508995056152
7.277997970581055
7.0011091232299805
7.222548961639404
7.008493423461914
7.152913570404053
6.335049152374268
6.466835975646973
6.327066421508789
6.439051628112793
7.355509757995605
7.352158546447754
7.327070236206055
7.33968448638916
7.029598236083984
6.994641304016113
6.989407062530518
6.979306221008301
7.227926254272461
6.956146717071533
7.234342098236084
7.265358924865723
7.319972991943359
7.310289859771728
7.260766506195068
7.286557197570801
7.019719123840332
7.008235454559326
7.015845775604248
7.05938720703125
6.630428791046143
6.834583759307861
6.341052055358887
6.775517463684082
6.833827018737793
6.929862022399902
6.8862738609313965
6.878190040588379
7.075117111206055
7.029541015625
7.062578201293945
7.107290744781494
6.404443740844727
6.1446919441223145
5.962917804718018
6.161293983459473
5.962983131408691
5.976069450378418
6.070312023162842
6.265044689178467
6.110131740570068
6.253347873687744
6.270336627960205
6.291409492492676
7.21352481842041
7.084372520446777
7.305208206176758
5.945367813110352
6.345057487487793
6.35530948638916
6.372172355651856
6.114179611206055
6.240679740905762
6.426766395568848
6.414245128631592
6.11014986038208
6.161520957946777
6.58634614944458
6.651082992553711
6.333496570587158
6.125140190124512
5.942484378814697
6.562280654907227
6.559919357299805
6.583925247192383
6.211633682250977
6.157454013824463
6.192642211914063
7.205016613006592
7.056295871734619
7.035190105438232
6.092741012573242
6.002022743225098
6.064267158508301
7.246756553649902
7.173369884490967
7.196203231811523
7.333084106445312
7.358570575714111
7.346831321716309
7.313389778137207
7.407369613647461
7.375083923339844
6.74554443359375
6.769124984741211
6.798270225524902
6.592369079589844
6.640493392944336
6.519709587097168
6.733181953430176
6.6886420249938965
6.690556526184082
6.406520366668701
6.436235427856445
6.632660865783691
7.1861443519592285
7.226633071899414
7.207333564758301
6.527527332305908
6.519515037536621
6.457094669342041
6.355964660644531
6.406078815460205
6.459712505340576
6.986173629760742
6.92182731628418
6.958306312561035
7.146556377410889
7.048871040344238
7.134075164794922
7.418848991394043
7.436630725860596
7.459113121032715
7.619525909423828
7.641336441040039
7.661232948303223
7.056979179382324
7.058811187744141
7.067362785339356
7.231850624084473
7.303961753845215
7.202112674713135
6.894949436187744
6.878407001495361
6.923227310180664
6.995410919189453
7.100664615631104
7.162865161895752
7.0246782302856445
6.986172199249268
7.02151346206665
7.384219169616699
7.335536956787109
7.303181648254394
7.057390213012695
7.038097381591797
7.031702041625977
6.638109683990479
6.626616477966309
6.786121368408203
6.677629470825195
6.609626770019531
6.56333065032959
6.340619087219238
6.272144317626953
7.418497085571289
7.418328762054443
8.057936668395996
7.76447582244873
6.12831974029541
6.202474594116211
6.29942798614502
6.323666572570801
6.258814811706543
6.203325748443604
6.213311672210693
6.177239418029785
5.86638069152832
5.955615520477295
7.5103044509887695
7.290794372558594
7.22165584564209
7.610715866088867
6.244687080383301
6.230073928833008
6.301180839538574
6.061925888061523
6.488643646240234
6.520086765289307
6.154953956604004
6.127129077911377
6.972731113433838
6.859707832336426
6.71239185333252
6.664588928222656
6.2047438621521
6.1349687576293945
6.206319808959961
6.1714067459106445
6.450904846191406
6.542845726013184
6.235625267028809
6.134073734283447
6.199731826782227
6.178476810455322
7.175225257873535
7.177167892456055
6.530509948730469
6.571340560913086
6.695857524871826
6.436023235321045
6.542278289794922
6.417211532592773
6.934331893920898
6.791284561157227
7.052969932556152
7.078544616699219
6.950943946838379
7.022483825683594
7.3846025466918945
7.32401180267334
7.315738677978516
7.419848442077637
7.244012832641602
7.228085041046143
6.753810882568359
6.647297859191895
6.5338335037231445
6.648378372192383
6.531055450439453
6.215432643890381
6.763367652893066
6.844806671142578
7.050078392028809
7.192102909088135
6.511624336242676
6.675118446350098
6.809571266174316
6.752870559692383
6.617615222930908
6.612563133239746
7.0769124031066895
7.003143310546875
6.530359268188477
6.16883659362793
7.603323459625244
7.573883056640625
6.460758209228516
6.332905292510986
7.32005500793457
7.240812301635742
6.274344444274902
6.257037162780762
6.97763729095459
6.953433036804199
6.738409519195557
6.666331768035889
6.372863292694092
6.422130107879639
6.310842990875244
6.444468975067139
6.53987455368042
6.646843433380127
6.445137977600098
6.469928741455078
7.268279075622559
7.050635814666748
6.263710498809815
6.41960334777832
6.509331703186035
6.571980953216553
7.068386077880859
7.058911323547363
6.675075054168701
6.5783867835998535
6.343768119812012
6.412841796875
6.423774719238281
6.215742111206055
6.421660423278809
6.366786956787109
6.832329273223877
6.948441505432129
6.472960472106934
6.610441207885742
7.133438587188721
7.426362037658691
7.252497673034668
7.283998966217041
7.309885501861572
7.090307235717773
7.197311401367188
7.198238372802734
7.209024906158447
7.150958061218262
7.123719215393066
7.238370895385742
7.028048515319824
7.063655376434326
7.456134796142578
7.525860786437988
7.408379554748535
7.287100315093994
7.21072244644165
7.2005696296691895
7.415041923522949
7.422209739685059
7.21765661239624
7.193317413330078
7.114077568054199
7.159894943237305
7.2183074951171875
7.303363800048828
7.0552520751953125
7.202660083770752
7.131488800048828
7.090726852416992
7.005282402038574
7.06877326965332
6.637477874755859
6.8046040534973145
6.163906574249268
6.235022068023682
7.435009002685547
7.321433544158935
7.0207839012146
7.014480113983154
7.11545991897583
7.068499565124512
6.677737236022949
6.743380546569824
6.884316444396973
6.896312236785889
6.900810241699219
6.859396934509277
6.822900295257568
6.882701873779297
7.303411483764648
7.352582931518555
7.1716413497924805
7.126170158386231
6.843950271606445
6.8408708572387695
7.325716018676758
7.461466312408447
7.144822597503662
7.108462333679199
6.84446382522583
6.941320419311523
6.7916364669799805
6.821616172790527
7.137716293334961
7.1375041007995605
6.406451225280762
6.4317708015441895
7.194262027740479
7.250666618347168
6.850207328796387
6.861308097839356
7.107857704162598
7.145451545715332
6.76781177520752
6.675140380859375
6.426437377929688
6.463603973388672
6.666380882263184
6.701016426086426
7.209443092346191
7.212747573852539
6.762577056884766
6.78582763671875
7.111797332763672
7.151177406311035
6.548785209655762
6.650782108306885
7.117790222167969
6.993597984313965
7.154396057128906
7.117039680480957
6.540533065795898
6.659573554992676
7.176333904266357
6.695344924926758
7.035367965698242
6.471765518188477
7.091711044311523
6.530010223388672
6.769455432891846
7.206006526947021
7.550642967224121
6.185041427612305
6.086986541748047
6.201779365539551
6.609055995941162
6.841704845428467
6.395485877990723
6.875019073486328
6.385441780090332
6.9308180809021
6.534318447113037
7.005287170410156
7.000434875488281
6.102744102478027
6.292109966278076
6.518396377563477
7.127758979797363
6.010178565979004
6.425443649291992
6.213225364685059
6.287994384765625
6.692095756530762
7.102964401245117
6.090895175933838
6.042964935302734
6.261166572570801
6.220511436462402
6.351768493652344
6.0010528564453125
6.102532863616943
6.156700134277344
7.130001544952393
7.16841459274292
6.786360740661621
7.479303359985352
7.26152229309082
6.3022966384887695
6.228798866271973
6.660424709320068
6.928719520568848
6.088631629943848
5.909610271453857
7.432973861694336
6.922587394714356
6.977486610412598
6.640164375305176
6.652743339538574
7.182326793670654
6.29180908203125
7.190830230712891
6.138428211212158
6.894459247589111
6.27717399597168
5.9490275382995605
6.328718185424805
6.015141487121582
6.56947135925293
6.212245941162109
7.005080223083496
6.920525550842285
6.273200511932373
6.428023338317871
5.972522735595703
6.663326740264893
6.84700345993042
6.899916648864746
6.642931938171387
6.059061050415039
6.6238298416137695
7.126378536224365
6.14955997467041
6.311208724975586
6.031635284423828
7.059067726135254
7.220812797546387
6.394894599914551
7.135176181793213
6.907312393188477
6.853991985321045
6.32485818862915
7.043883800506592
7.090888023376465
7.147861003875732
6.483476638793945
6.7142181396484375
6.345586776733398
6.364508152008057
6.937743186950684
6.892897129058838
7.2578277587890625
7.123455047607422
6.79846715927124
6.322628021240234
7.352743148803711
6.480043888092041
7.355427265167236
7.385711669921875
6.8133063316345215
6.784029960632324
6.785046100616455
6.873257160186768
6.492214202880859
7.416750431060791
6.448522567749023
6.378212451934815
7.115521430969238
7.037405014038086
7.067909717559815
7.350569725036621
7.074969291687012
6.587576866149902
6.012240886688232
6.622703552246094
6.028788566589356
6.882363319396973
7.355865955352783
6.778604507446289
7.287943840026855
7.360737800598144
6.708276748657227
6.158491134643555
6.63001823425293
7.213647842407227
7.364075660705566
6.986636638641357
6.56572151184082
7.165412902832031
6.732140064239502
6.314700126647949
7.369921684265137
7.067529678344727
6.511807918548584
7.205728530883789
6.101611137390137
7.371732234954834
7.091073513031006
7.072519302368164
6.539031982421875
6.976670265197754
7.124176979064941
7.0560078620910645
7.236701011657715
7.263689041137695
7.1796875
7.163514137268066
6.637215614318848
7.060269355773926
6.946290016174316
6.375626087188721
7.073235511779785
7.333768367767334
7.133650779724121
6.704280853271484
7.336591243743896
7.069553852081299
7.163854598999023
6.294712066650391
6.4560418128967285
7.099061012268066
6.276122093200684
7.2756028175354
7.023791313171387
7.332369804382324
6.963897228240967
6.947306156158447
7.151792049407959
7.528882026672363
6.501564979553223
7.068405628204346
7.285250663757324
7.388650894165039
7.42845344543457
7.156997680664063
7.553386688232422
7.109830856323242
6.617265224456787
6.455266952514648
7.321688175201416
6.8234405517578125
6.711020469665527
7.089684963226318
7.14794921875
7.073904514312744
6.601507186889648
6.741025924682617
6.877069473266602
7.043851375579834
7.01252555847168
7.218295097351074
7.078089714050293
7.38004732131958
7.347087383270264
6.7848734855651855
6.382974147796631
6.502536773681641
7.274779319763184
6.96245002746582
6.972650051116943
6.80325174331665
6.366508483886719
7.032378673553467
6.963507652282715
6.949708461761475
7.167531490325928
7.23186731338501
7.04202938079834
6.885255813598633
7.172861099243164
7.274028301239014
6.890311241149902
7.014010429382324
7.322774410247803
7.186223983764648
7.265020847320557
6.526576042175293
6.4836835861206055
6.8218488693237305
6.908401966094971
6.679895401000977
6.368915557861328
6.572421073913574
6.792201995849609
6.859506607055664
6.467161178588867
6.442975044250488
7.029480934143066
6.497956275939941
6.708407402038574
6.95386266708374
6.342391490936279
6.564246654510498
6.446967124938965
6.362784862518311
6.490312099456787
6.50153112411499
6.675347805023193
7.0812811851501465
7.012716293334961
6.71599006652832
7.091241359710693
7.168391704559326
6.6945624351501465
7.016259670257568
6.548875331878662
6.973840236663818
6.556850433349609
7.297262191772461
7.428199768066406
7.417123794555664
6.615788459777832
7.271026611328125
6.637097835540772
6.404269218444824
6.959967613220215
6.43271017074585
7.055727481842041
6.981357097625732
7.219227313995361
7.1433186531066895
6.857936859130859
6.768985271453857
7.005430221557617
7.132647514343262
6.998879909515381
7.073163032531738
7.041444778442383
6.4583587646484375
7.5298309326171875
7.062020301818848
6.957072734832764
7.090717315673828
7.146787643432617
7.073533058166504
7.127620697021484
7.157960891723633
7.108099937438965
6.981768131256104
7.14398193359375
7.014749526977539
7.302081108093262
7.279696464538574
6.989625930786133
7.203839302062988
7.145458221435547
7.165483951568604
7.454626560211182
7.039172172546387
7.122553825378418
7.080021858215332
6.95634651184082
7.1419997215271
7.186534881591797
6.383524894714356
7.067050933837891
7.278183460235596
7.385378837585449
7.033278465270996
7.193032741546631
7.021573543548584
7.147761344909668
7.172941207885742
6.589767456054688
6.675388336181641
6.896284103393555
7.040045738220215
6.4204511642456055
7.205546379089356
7.353424072265625
7.146125793457031
7.387262344360352
7.08067512512207
6.912501335144043
7.435500144958496
7.28818941116333
7.336726188659668
6.8711934089660645
6.990363121032715
7.24359130859375
7.4310302734375
6.792538166046143
7.17712926864624
6.832076549530029
7.193925380706787
7.182243824005127
7.569538593292236
7.0711188316345215
7.375062942504883
6.979360580444336
7.206748962402344
7.233656883239746
7.136341094970703
6.49412202835083
7.360102653503418
6.197144985198975
6.979583263397217
7.203854084014893
6.770719528198242
6.411201000213623
7.242433547973633
7.317891597747803
6.623858451843262
7.43425178527832
7.14420223236084
7.088528156280518
6.678837776184082
6.7480645179748535
7.064424991607666
6.896399974822998
7.226860523223877
7.547341346740723
7.4037861824035645
7.197471618652344
7.239048957824707
7.808026313781738
6.505831241607666
7.103151798248291
6.292652130126953
6.365251064300537
6.293128490447998
7.1081647872924805
6.260204792022705
7.124759674072266
7.198892116546631
7.080327033996582
6.182462215423584
6.898454666137695
7.215511322021484
7.229475498199463
7.074584484100342
6.39849853515625
7.080662250518799
6.867875099182129
7.468537330627441
6.974786281585693
7.2984490394592285
7.44900369644165
6.89520263671875
6.463486671447754
7.412486553192139
7.150077819824219
7.389516830444336
7.535157203674316
6.87725830078125
6.747023105621338
7.053835868835449
7.200901031494141
6.339922904968262
6.931063652038574
7.075156211853027
6.62090539932251
6.900938987731934
7.134040832519531
6.8459906578063965
6.969812393188477
7.586341857910156
7.004968166351318
7.328031063079834
7.059730052947998
7.275997638702393
7.39995527267456
7.294677257537842
7.218707084655762
7.267055988311768
7.191285133361816
7.025143623352051
6.632831573486328
6.483365058898926
7.241081237792969
7.340507984161377
7.172219276428223
6.7336039543151855
6.876791954040527
6.419937610626221
6.658352375030518
6.92910099029541
6.804572582244873
6.7546467781066895
7.2649617195129395
7.144431591033936
6.802042484283447
6.51782751083374
6.64603853225708
6.781080722808838
6.595643997192383
6.905210494995117
7.122458457946777
7.516819477081299
7.571707725524902
6.742100238800049
6.515890121459961
7.0146918296813965
6.639239311218262
7.454570770263672
6.727481842041016
6.85924768447876
6.833128452301025
7.323424816131592
7.466281414031982
6.8254594802856445
7.95489501953125
6.8072428703308105
7.359918594360352
7.162440776824951
6.797343730926514
6.761682987213135
7.205290794372559
6.957984924316406
7.230046272277832
7.05995512008667
7.118710041046143
7.412617683410644
7.27892255783081
7.444987773895264
7.506512641906738
6.999776840209961
6.856716156005859
7.139285087585449
7.144805431365967
6.990048408508301
7.221550941467285
6.881595134735107
7.165187835693359
7.197299003601074
6.994153022766113
6.951639175415039
6.976314067840576
6.37738037109375
7.161067008972168
7.088255882263184
7.166607856750488
7.198297500610352
6.352864742279053
6.707535266876221
7.45100736618042
6.866207122802734
7.037684440612793
6.823013305664063
6.778485298156738
6.769942760467529
6.939311981201172
6.33975887298584
7.194192409515381
6.936619758605957
6.323029518127441
6.955864906311035
7.348537921905518
7.582215309143066
7.240738868713379
7.1634440422058105
7.239913940429687
7.30006217956543
7.213412284851074
7.205525875091553
7.107946395874023
7.350688934326172
6.846035957336426
7.0288801193237305
6.552813529968262
7.207819938659668
6.891599655151367
6.795858860015869
7.1503119468688965
7.595746040344238
8.003211975097656
